cam0:
  cam_overlaps: [1]
  camera_model: pinhole
  distortion_coeffs: [-0.007702729727046101, 0.0564526464269237, -0.05420016469620549, 0.011600128750413994]
  distortion_model: equidistant
  intrinsics: [280.04528976261827, 279.13548477347115, 422.5761859739201, 398.2108536093846]
  resolution: [848, 800]
  rostopic: /t265/fisheye1/image_raw
cam1:
  T_cn_cnm1:
  - [0.9999808403382078, 0.0021547440365305964, -0.005803105601651017, -0.062339986569173673]
  - [-0.0021866749141757572, 0.9999824749132082, -0.005501665136082774, 1.7064393222243783e-05]
  - [0.005791149221578737, 0.00551424923148293, 0.9999680273119244, -0.0001343154970457171]
  - [0.0, 0.0, 0.0, 1.0]
  cam_overlaps: [0]
  camera_model: pinhole
  distortion_coeffs: [0.003681625225816193, 0.03279753460951982, -0.03578694646545048, 0.007066835836207297]
  distortion_model: equidistant
  intrinsics: [280.1113364969218, 278.95813286171233, 422.7967106458211, 397.1114350269903]
  resolution: [848, 800]
  rostopic: /t265/fisheye2/image_raw
