#Accelerometer
accelerometer_noise_density: 0.00782631782 
accelerometer_random_walk: 0.003530287405478416 

#Gyroscope
gyroscope_noise_density: 0.00084120953 
gyroscope_random_walk: 7.269783693712976e-05 

rostopic: '/t265/imu' #Make sure this is correct
update_rate: 200.0 #Make sure this is correct
