%YAML:1.0

cam0:
  T_cam_imu:
   - [-0.9997512317239996, -0.001641883094469111, 0.022243625744220605, 0.01059575362069809]
   - [0.001689996909677269, -0.9999962726949907, 0.0021444128730662374, -0.000629962107940139]
   - [0.022240021960199106, 0.002181471069940523, 0.9997502801235817, -0.006879124451319448]
   - [0.0, 0.0, 0.0, 1.0]
  cam_overlaps: [1]
  camera_model: pinhole
  distortion_coeffs: [-0.007702729727046101, 0.0564526464269237, -0.05420016469620549, 0.011600128750413994]
  distortion_model: equidistant
  intrinsics: [280.04528976261827, 279.13548477347115, 422.5761859739201, 398.2108536093846]
  resolution: [848, 800]
  rostopic: /t265/fisheye1/image_raw
  timeshift_cam_imu: 0.00509615089032946
cam1:
  T_cam_imu:
   - [-0.9998574965137814, -0.003809246948672493, 0.016446163773887138, -0.051705873080988785]
   - [0.0037537410777177985, -0.9999871591322793, -0.0034045555473155814, -0.0005982095040558484]
   - [0.016458921383703803, -0.00334233574575215, 0.9998589564026756, -0.006955332182001893]
   - [0.0, 0.0, 0.0, 1.0]
  T_cn_cnm1:
   - [0.9999808403382089, 0.002154744036530596, -0.005803105601651016, -0.062339986569173673]
   - [-0.002186674914175757, 0.9999824749132094, -0.005501665136082773, 1.7064393222243783e-05]
   - [0.005791149221578736, 0.005514249231482929, 0.9999680273119255, -0.0001343154970457171]
   - [0.0, 0.0, 0.0, 1.0]
  cam_overlaps: [0]
  camera_model: pinhole
  distortion_coeffs: [0.003681625225816193, 0.03279753460951982, -0.03578694646545048, 0.007066835836207297]
  distortion_model: equidistant
  intrinsics: [280.1113364969218, 278.95813286171233, 422.7967106458211, 397.1114350269903]
  resolution: [848, 800]
  rostopic: /t265/fisheye2/image_raw
  timeshift_cam_imu: 0.0050738590507307425




